Consider the logistic equation
xn+1 = ρxn(1− xn)
which was first developed to model the growth and decay of a population of some species.
Iterate the equation for the following values of ρ with x1 = 0.5:
ρ= 0.8,1.5,2.8,3.2,3.5,3.65
Iterate the equation for each ρ value and calculate six column vectors (one for each ρ
value) of length 50 which contains x(1) to x(50) (or in python x(0) to x(49)).

binzhaoms@mac UW-OPGAS % /usr/local/bin/python3 /Users/binzhaoms/Dev/UW-OPGAS/Homework1/question4.py
rho= 0.8    rho= 1.5    rho= 2.8    rho= 3.2    rho= 3.5    rho=3.65
------------------------------------
0.500000    0.500000    0.500000    0.500000    0.500000    0.500000
0.200000    0.375000    0.700000    0.800000    0.875000    0.912500
0.128000    0.351562    0.588000    0.512000    0.382812    0.291430
0.089293    0.341949    0.678317    0.799539    0.826935    0.753719
0.065056    0.337530    0.610969    0.512884    0.500898    0.677537
0.048659    0.335405    0.665521    0.799469    0.874997    0.797454
0.037033    0.334363    0.623288    0.513019    0.382820    0.589551
0.028529    0.333847    0.657440    0.799458    0.826941    0.883229
0.022172    0.333590    0.630595    0.513040    0.500884    0.376444
0.017344    0.333461    0.652246    0.799456    0.874997    0.856779
0.013635    0.333397    0.635100    0.513044    0.382820    0.447887
0.010759    0.333365    0.648895    0.799456    0.826941    0.902587
0.008515    0.333349    0.637925    0.513044    0.500884    0.320921
0.006754    0.333341    0.646735    0.799455    0.874997    0.795447
0.005367    0.333337    0.639713    0.513044    0.382820    0.593896
0.004270    0.333335    0.645345    0.799455    0.826941    0.880320
0.003402    0.333334    0.640850    0.513045    0.500884    0.384553
0.002712    0.333334    0.644452    0.799455    0.874997    0.863852
0.002164    0.333334    0.641574    0.513045    0.382820    0.429282
0.001727    0.333333    0.643879    0.799455    0.826941    0.894246
0.001379    0.333333    0.642037    0.513045    0.500884    0.345180
0.001102    0.333333    0.643511    0.799455    0.874997    0.825013
0.000881    0.333333    0.642332    0.513045    0.382820    0.526938
0.000704    0.333333    0.643276    0.799455    0.826941    0.909851
0.000563    0.333333    0.642521    0.513045    0.500884    0.299380
0.000450    0.333333    0.643125    0.799455    0.874997    0.765593
0.000360    0.333333    0.642642    0.513045    0.382820    0.655029
0.000288    0.333333    0.643029    0.799455    0.826941    0.824775
0.000230    0.333333    0.642720    0.513045    0.500884    0.527501
0.000184    0.333333    0.642967    0.799455    0.874997    0.909739
0.000147    0.333333    0.642769    0.513045    0.382820    0.299715
0.000118    0.333333    0.642927    0.799455    0.826941    0.766083
0.000094    0.333333    0.642801    0.513045    0.500884    0.654079
0.000075    0.333333    0.642902    0.799455    0.874997    0.825848
0.000060    0.333333    0.642821    0.513045    0.382820    0.524955
0.000048    0.333333    0.642886    0.799455    0.826941    0.910227
0.000039    0.333333    0.642834    0.513045    0.500884    0.298256
0.000031    0.333333    0.642876    0.799455    0.874997    0.763942
0.000025    0.333333    0.642842    0.513045    0.382820    0.658221
0.000020    0.333333    0.642869    0.799455    0.826941    0.821126
0.000016    0.333333    0.642848    0.513045    0.500884    0.536104
0.000013    0.333333    0.642865    0.799455    0.874997    0.907742
0.000010    0.333333    0.642851    0.513045    0.382820    0.305674
0.000008    0.333333    0.642862    0.799455    0.826941    0.774666
0.000006    0.333333    0.642853    0.513045    0.500884    0.637138
0.000005    0.333333    0.642860    0.799455    0.874997    0.843855
0.000004    0.333333    0.642855    0.513045    0.382820    0.480938
0.000003    0.333333    0.642859    0.799455    0.826941    0.911174
0.000003    0.333333    0.642856    0.513045    0.500884    0.295417
0.000002    0.333333    0.642858    0.799455    0.874997    0.759732